set I :=
1 2 3 4 5 6 7 8 9 10 11 12 13 14 15 16 17 18 19 20 21 22 23 24 25 26 27 28 29 30 31 32 33 34 35 36 37 38 39 40 41 42 43 44 45 46 47 48 49 50 51 52 53 54 55 56 57 58 59 60 61 62 63 64 65 66 67 68 69 70 71 72 73 74 75 76 77 78 79 80 81 82 83 84 85 86 87 88 89 90 91 92 93 94 95 96 97 98 99 100 101 102 103 104 105 106 107 108 109 110 111 112 113 114 115 116 117 118 119 120 121 122 123 124 125 126 127 128 129 130 131 132 133 134 135 136 137 138 139 140 141 142 143 144 145 146 147 148 149 150 151 152 153 154 155 156 157 158 159 160 161 162 163 164 165 166 167 168 169 170 171 172 173 174 175 176 177 178 179 180 181 182 183 184 185 186 187 188 189 190 191 192 193 194 195 196 197 198 199 200 201 202 203 204 205 206 207 208 209 210 211 212 213 214 215 216 217 218 219 220 221 222 223 224 225 226 227 228 229 230 231 232 233 234 235 236 237 238 239 240 241 242 243 244 245 246 247 248 249 250 251 252 253 254 255 256 257 258 259 260 261 262 263 264 265 266 267 268 269 270 271 272 273 274 275 276 277 278 279 280 281 282 283 284 285 286 287 288 289 290 291 292 293 294 295 296 297 298 299 300 301 302 303 304 305 306 307 308 309 310 311 312 313 314 315 316 317 318 319 320 321 322 323 324 325 326 327 328 329 330 331 332 333 334 335 336 337 338 339 340 341 342 343 344 345 346 347 348 349 350 351 352 353 354 355 356 357 358 359 360 361 362 363 364 365 366 367 368 369 370 371 372 373 374 375 376 377 378 379 380 381 382 383 384 385 386 387 388 389 390 391 392 393 394 395 396 397 398 399 400 401 402 403 404 405 406 407 408 409 410 411 412 413 414 415 416 417 418 419 420 421 422 423 424 425 426 427 428 429 430 431 432 433 434 435 436 437 438 439 440 441 442 443 444 445 446 447 448 449 450 451 452 453 454 455 456 457 458 459 460 461 462 463 464 465 466 467 468 469 470 471 472 473 474 475 476 477 478 479 480 481 482 483 484 485 486 487 488 489 490 491 492 493 494 495 496 497 498 499 500 501 502 503 504 505 506 507 508 509 510 511 512 513 514 515 516 517 518 519 520 521 522 523 524 525 526 527 528 529 530 531 532 533 534 535 536 537 538 539 540 541 542 543 544 545 546 547 548 549 550 551 552 553 554 555 556 557 558 559 560 561 562 563 564 565 566 567 568 569 570 571 572 573 574 575 576 577 578 579 580 581 582 583 584 585 586 587 588 589 590 591 592 593 594 595 596 597 598 599 600 601 602 603 604 605 606 607 608 609 610 611 612 613 614 615 616 617 618 619 620 621 622 623 624 625 626 627 628 629 630 631 632 633 634 635 636 637 638 639 640 641 642 643 644 645 646 647 648 649 650 651 652 653 654 655 656 657 658 659 660 661 662 663 664 665 666 667 668 669 670 671 672 ;

set T1 :=
 1 2 3 4 5 6 7 8 9 10 11 12 13 14 15 16 17 18 19 20 21 22 23 24 97 98 99 100 101 102 103 104 105 106 107 108 109 110 111 112 113 114 115 116 117 118 119 120 193 194 195 196 197 198 199 200 201 202 203 204 205 206 207 208 209 210 211 212 213 214 215 216 289 290 291 292 293 294 295 296 297 298 299 300 301 302 303 304 305 306 307 308 309 310 311 312 385 386 387 388 389 390 391 392 393 394 395 396 397 398 399 400 401 402 403 404 405 406 407 408 481 482 483 484 485 486 487 488 489 490 491 492 493 494 495 496 497 498 499 500 501 502 503 504 577 578 579 580 581 582 583 584 585 586 587 588 589 590 591 592 593 594 595 596 597 598 599 600
;

set T2 :=
 25 26 27 28 29 30 31 32 33 34 35 36 37 38 39 40 41 42 43 44 45 46 47 48 121 122 123 124 125 126 127 128 129 130 131 132 133 134 135 136 137 138 139 140 141 142 143 144 217 218 219 220 221 222 223 224 225 226 227 228 229 230 231 232 233 234 235 236 237 238 239 240 313 314 315 316 317 318 319 320 321 322 323 324 325 326 327 328 329 330 331 332 333 334 335 336 409 410 411 412 413 414 415 416 417 418 419 420 421 422 423 424 425 426 427 428 429 430 431 432 505 506 507 508 509 510 511 512 513 514 515 516 517 518 519 520 521 522 523 524 525 526 527 528 601 602 603 604 605 606 607 608 609 610 611 612 613 614 615 616 617 618 619 620 621 622 623 624
;

set T3 :=
 49 50 51 52 53 54 55 56 57 58 59 60 61 62 63 64 65 66 67 68 69 70 71 72 145 146 147 148 149 150 151 152 153 154 155 156 157 158 159 160 161 162 163 164 165 166 167 168 241 242 243 244 245 246 247 248 249 250 251 252 253 254 255 256 257 258 259 260 261 262 263 264 337 338 339 340 341 342 343 344 345 346 347 348 349 350 351 352 353 354 355 356 357 358 359 360 433 434 435 436 437 438 439 440 441 442 443 444 445 446 447 448 449 450 451 452 453 454 455 456 529 530 531 532 533 534 535 536 537 538 539 540 541 542 543 544 545 546 547 548 549 550 551 552 625 626 627 628 629 630 631 632 633 634 635 636 637 638 639 640 641 642 643 644 645 646 647 648
;

set T4 :=
 73 74 75 76 77 78 79 80 81 82 83 84 85 86 87 88 89 90 91 92 93 94 95 96 169 170 171 172 173 174 175 176 177 178 179 180 181 182 183 184 185 186 187 188 189 190 191 192 265 266 267 268 269 270 271 272 273 274 275 276 277 278 279 280 281 282 283 284 285 286 287 288 361 362 363 364 365 366 367 368 369 370 371 372 373 374 375 376 377 378 379 380 381 382 383 384 457 458 459 460 461 462 463 464 465 466 467 468 469 470 471 472 473 474 475 476 477 478 479 480 553 554 555 556 557 558 559 560 561 562 563 564 565 566 567 568 569 570 571 572 573 574 575 576 649 650 651 652 653 654 655 656 657 658 659 660 661 662 663 664 665 666 667 668 669 670 671 672
;

param PRICEPOOL :=
1 0.51 2 0.51 3 0.5 4 0.5 5 0.48 6 0.48 7 0.48 8 0.48 9 0.48 10 0.48 11 0.46 12 0.46 13 0.43 14 0.43 15 0.42 16 0.42 17 0.42 18 0.42 19 0.4 20 0.4 21 0.41 22 0.41 23 0.42 24 0.42 25 0.85 26 0.85 27 0.86 28 0.86 29 0.88 30 0.88 31 0.89 32 0.89 33 0.89 34 0.88 35 0.93 36 0.93 37 0.93 38 0.92 39 0.93 40 0.93 41 0.92 42 0.92 43 0.93 44 0.92 45 0.93 46 0.93 47 0.9 48 0.89 49 1.3 50 1.29 51 1.3 52 1.29 53 1.31 54 1.31 55 1.31 56 1.32 57 1.3 58 1.31 59 1.31 60 1.3 61 1.29 62 1.29 63 1.29 64 1.3 65 1.28 66 1.27 67 1.29 68 1.3 69 1.3 70 1.3 71 1.33 72 1.33 73 1.71 74 1.71 75 1.69 76 1.69 77 1.68 78 1.68 79 1.69 80 1.69 81 1.69 82 1.69 83 1.73 84 1.73 85 1.73 86 1.73 87 1.73 88 1.73 89 1.71 90 1.71 91 1.69 92 1.69 93 1.69 94 1.69 95 1.68 96 1.68 97 0.51 98 0.51 99 0.5 100 0.5 101 0.48 102 0.48 103 0.48 104 0.48 105 0.48 106 0.48 107 0.46 108 0.46 109 0.43 110 0.43 111 0.42 112 0.42 113 0.42 114 0.42 115 0.4 116 0.4 117 0.41 118 0.41 119 0.42 120 0.42 121 0.85 122 0.85 123 0.86 124 0.86 125 0.88 126 0.88 127 0.89 128 0.89 129 0.89 130 0.88 131 0.93 132 0.93 133 0.93 134 0.92 135 0.93 136 0.93 137 0.92 138 0.92 139 0.93 140 0.92 141 0.93 142 0.93 143 0.9 144 0.89 145 1.3 146 1.29 147 1.3 148 1.29 149 1.31 150 1.31 151 1.31 152 1.32 153 1.3 154 1.31 155 1.31 156 1.3 157 1.29 158 1.29 159 1.29 160 1.3 161 1.28 162 1.27 163 1.29 164 1.3 165 1.3 166 1.3 167 1.33 168 1.33 169 1.71 170 1.71 171 1.69 172 1.69 173 1.68 174 1.68 175 1.69 176 1.69 177 1.69 178 1.69 179 1.73 180 1.73 181 1.73 182 1.73 183 1.73 184 1.73 185 1.71 186 1.71 187 1.69 188 1.69 189 1.69 190 1.69 191 1.68 192 1.68 193 0.52 194 0.52 195 0.49 196 0.49 197 0.47 198 0.47 199 0.47 200 0.47 201 0.47 202 0.47 203 0.44 204 0.44 205 0.42 206 0.42 207 0.42 208 0.42 209 0.43 210 0.43 211 0.41 212 0.41 213 0.41 214 0.41 215 0.43 216 0.43 217 0.84 218 0.84 219 0.86 220 0.86 221 0.87 222 0.87 223 0.9 224 0.9 225 0.91 226 0.9 227 0.92 228 0.91 229 0.92 230 0.92 231 0.93 232 0.93 233 0.93 234 0.92 235 0.93 236 0.92 237 0.92 238 0.92 239 0.92 240 0.91 241 1.3 242 1.29 243 1.3 244 1.28 245 1.29 246 1.29 247 1.27 248 1.28 249 1.29 250 1.29 251 1.29 252 1.28 253 1.3 254 1.3 255 1.28 256 1.28 257 1.28 258 1.28 259 1.28 260 1.29 261 1.3 262 1.3 263 1.31 264 1.31 265 1.7 266 1.7 267 1.66 268 1.66 269 1.67 270 1.67 271 1.69 272 1.69 273 1.7 274 1.7 275 1.72 276 1.72 277 1.73 278 1.73 279 1.75 280 1.75 281 1.72 282 1.72 283 1.7 284 1.7 285 1.69 286 1.69 287 1.67 288 1.67 289 0.51 290 0.51 291 0.48 292 0.48 293 0.47 294 0.47 295 0.46 296 0.46 297 0.46 298 0.46 299 0.44 300 0.44 301 0.43 302 0.43 303 0.42 304 0.42 305 0.42 306 0.42 307 0.41 308 0.41 309 0.41 310 0.41 311 0.43 312 0.43 313 0.84 314 0.84 315 0.86 316 0.86 317 0.87 318 0.87 319 0.88 320 0.88 321 0.9 322 0.9 323 0.91 324 0.91 325 0.93 326 0.92 327 0.92 328 0.92 329 0.91 330 0.91 331 0.92 332 0.91 333 0.92 334 0.92 335 0.92 336 0.91 337 1.32 338 1.31 339 1.3 340 1.28 341 1.3 342 1.31 343 1.29 344 1.3 345 1.31 346 1.31 347 1.31 348 1.3 349 1.31 350 1.31 351 1.28 352 1.28 353 1.27 354 1.27 355 1.28 356 1.29 357 1.31 358 1.31 359 1.32 360 1.33 361 1.71 362 1.71 363 1.69 364 1.69 365 1.68 366 1.68 367 1.69 368 1.69 369 1.71 370 1.71 371 1.73 372 1.73 373 1.73 374 1.73 375 1.75 376 1.75 377 1.72 378 1.72 379 1.7 380 1.7 381 1.69 382 1.69 383 1.68 384 1.68 385 0.51 386 0.51 387 0.5 388 0.5 389 0.48 390 0.48 391 0.48 392 0.48 393 0.48 394 0.48 395 0.46 396 0.46 397 0.43 398 0.43 399 0.42 400 0.42 401 0.42 402 0.42 403 0.4 404 0.4 405 0.41 406 0.41 407 0.42 408 0.42 409 0.85 410 0.85 411 0.86 412 0.86 413 0.88 414 0.88 415 0.89 416 0.89 417 0.89 418 0.88 419 0.93 420 0.93 421 0.93 422 0.92 423 0.93 424 0.93 425 0.92 426 0.92 427 0.93 428 0.92 429 0.93 430 0.93 431 0.9 432 0.89 433 1.3 434 1.29 435 1.3 436 1.29 437 1.31 438 1.31 439 1.31 440 1.32 441 1.3 442 1.31 443 1.31 444 1.3 445 1.29 446 1.29 447 1.29 448 1.3 449 1.28 450 1.27 451 1.29 452 1.3 453 1.3 454 1.3 455 1.33 456 1.33 457 1.71 458 1.71 459 1.69 460 1.69 461 1.68 462 1.68 463 1.69 464 1.69 465 1.69 466 1.69 467 1.73 468 1.73 469 1.73 470 1.73 471 1.73 472 1.73 473 1.71 474 1.71 475 1.69 476 1.69 477 1.69 478 1.69 479 1.68 480 1.68 481 0.52 482 0.52 483 0.49 484 0.49 485 0.46 486 0.46 487 0.46 488 0.46 489 0.47 490 0.47 491 0.43 492 0.43 493 0.42 494 0.42 495 0.42 496 0.42 497 0.43 498 0.43 499 0.41 500 0.41 501 0.4 502 0.4 503 0.43 504 0.43 505 0.85 506 0.85 507 0.85 508 0.85 509 0.88 510 0.88 511 0.9 512 0.9 513 0.89 514 0.89 515 0.92 516 0.92 517 0.92 518 0.92 519 0.92 520 0.92 521 0.92 522 0.91 523 0.92 524 0.92 525 0.93 526 0.93 527 0.91 528 0.91 529 1.3 530 1.3 531 1.32 532 1.32 533 1.31 534 1.3 535 1.3 536 1.3 537 1.3 538 1.3 539 1.3 540 1.3 541 1.3 542 1.3 543 1.29 544 1.29 545 1.28 546 1.28 547 1.3 548 1.3 549 1.3 550 1.3 551 1.33 552 1.33 553 1.7 554 1.7 555 1.68 556 1.68 557 1.68 558 1.68 559 1.69 560 1.69 561 1.69 562 1.69 563 1.71 564 1.71 565 1.72 566 1.72 567 1.73 568 1.73 569 1.72 570 1.72 571 1.69 572 1.69 573 1.68 574 1.68 575 1.68 576 1.68 577 0.51 578 0.51 579 0.48 580 0.48 581 0.46 582 0.46 583 0.46 584 0.46 585 0.46 586 0.46 587 0.42 588 0.42 589 0.41 590 0.41 591 0.42 592 0.42 593 0.42 594 0.42 595 0.4 596 0.4 597 0.41 598 0.41 599 0.43 600 0.43 601 0.85 602 0.85 603 0.85 604 0.85 605 0.88 606 0.88 607 0.89 608 0.89 609 0.89 610 0.89 611 0.95 612 0.95 613 0.93 614 0.93 615 0.94 616 0.94 617 0.93 618 0.93 619 0.93 620 0.92 621 0.92 622 0.92 623 0.92 624 0.91 625 1.33 626 1.32 627 1.3 628 1.28 629 1.3 630 1.3 631 1.29 632 1.3 633 1.3 634 1.3 635 1.32 636 1.31 637 1.31 638 1.31 639 1.3 640 1.3 641 1.28 642 1.27 643 1.3 644 1.31 645 1.31 646 1.31 647 1.33 648 1.34 649 1.69 650 1.69 651 1.7 652 1.7 653 1.68 654 1.68 655 1.68 656 1.68 657 1.71 658 1.71 659 1.73 660 1.73 661 1.72 662 1.72 663 1.73 664 1.73 665 1.71 666 1.71 667 1.7 668 1.7 669 1.68 670 1.68 671 1.66 672 1.66 ;

param DEMAND :=
1 0.467 2 0.467 3 0.198 4 0.198 5 0.188 6 0.188 7 0.1865 8 0.1865 9 0.187 10 0.187 11 0.1875 12 0.1875 13 0.203 14 0.203 15 0.183 16 0.183 17 0.1895 18 0.1895 19 0.1845 20 0.1845 21 0.1745 22 0.1745 23 0.1685 24 0.1685 25 0.162 26 0.162 27 0.1545 28 0.1545 29 0.2090438292030382 30 0.20668693420177012 31 0.17875037716251163 32 0.16987824375009483 33 0.1896274139054293 34 0.1851988532342568 35 0.1777959413566732 36 0.1625737023038972 37 0.20801802937016473 38 0.20336428764791567 39 0.2100001506035848 40 0.176718391254468 41 0.34218467079100073 42 0.33256193387499533 43 0.1974477966128147 44 0.23731985472343908 45 0.11028273914381759 46 0.13272578390111558 47 0.12353258832238287 48 0.0899655996419024 49 0.08307264532402753 50 0.09146439254049327 51 0.11837145348512218 52 0.11729058445072338 53 0.06330197542907665 54 0.10218323686967548 55 0.1435343232081979 56 0.14922389771360603 57 0.08686519209469443 58 0.1993656451898603 59 0.12350558137388284 60 0.26352315896904666 61 0.2135362849825454 62 0.13358199978029184 63 0.1425331915561237 64 0.21238435357450136 65 0.18521899446717843 66 0.25733697911604336 67 0.3297408716179205 68 0.2610606509949296 69 0.3491368429567062 70 0.3791009348199616 71 0.3494370088092854 72 0.36047088007771866 73 0.2833629198595113 74 0.30498030076286187 75 0.41698042374861 76 0.4301910454117687 77 0.4185507894915217 78 0.42149315522558883 79 0.32185386260227644 80 0.3234001058196689 81 0.3085682768634352 82 0.3085682768634352 83 0.3170065200255415 84 0.3170065200255415 85 0.3317213318168105 86 0.3317213318168105 87 0.4004184868671082 88 0.4004184868671082 89 0.3462417603610054 90 0.3462417603610054 91 0.32092836259778323 92 0.32092836259778323 93 0.47106949083379723 94 0.47106949083379723 95 0.4999910202112892 96 0.4999910202112892 97 0.17 98 0.17 99 0.1655 100 0.1655 101 0.1845 102 0.1845 103 0.177 104 0.177 105 0.1705 106 0.1705 107 0.17800000000000002 108 0.17800000000000002 109 0.17 110 0.17 111 0.1825 112 0.1825 113 0.1725 114 0.1725 115 0.1655 116 0.1655 117 0.155 118 0.155 119 0.1405 120 0.1405 121 0.1555 122 0.1555 123 0.14150000000000001 124 0.14150000000000001 125 0.172 126 0.172 127 0.1795 128 0.17925980687885165 129 0.18244674108062175 130 0.1750758146753821 131 0.15529956237820455 132 0.15333298119880254 133 0.1609736721831802 134 0.1577911133279647 135 0.16058773370786877 136 0.15438774876822725 137 0.1986412942701164 138 0.16812175581420546 139 0.18505061812824725 140 0.1710893929615 141 0.19378990588508788 142 0.18024901868035023 143 0.24439529201845966 144 0.23384180675800448 145 0.37649509541660475 146 0.3695294950290742 147 0.24612854453757646 148 0.2445973134567978 149 0.28201282330358207 150 0.2801963627158046 151 0.04350120606073424 152 0.037226160770733846 153 -0.03311813618153048 154 0.014139860404405402 155 0.02994040346320856 156 0.046934066806627456 157 -0.03930265633794461 158 -0.036630507865169276 159 0.024416942389428847 160 0.09647487872373672 161 -0.02107166655818546 162 -0.011809219323902637 163 0.06733396140219972 164 0.11209995434294061 165 0.15692041320541758 166 0.18692954127888825 167 0.19449999970002396 168 0.19449999970002396 169 0.2085066242624607 170 0.20452842569344132 171 0.24798054014259036 172 0.24772533495137025 173 0.3894733501616257 174 0.392866077997846 175 0.35533304274020266 176 0.3591761326785761 177 0.42635378005584873 178 0.42635378005584873 179 0.33920164387664337 180 0.33920164387664337 181 0.347313332179349 182 0.347313332179349 183 0.35903476689897884 184 0.35903476689897884 185 0.3562315061868074 186 0.3562315061868074 187 0.38459555173528437 188 0.38459555173528437 189 0.32546522788967863 190 0.32546522788967863 191 0.22883247085857528 192 0.22883247085857528 193 0.2065 194 0.2065 195 0.2155 196 0.2155 197 0.1935 198 0.1935 199 0.215 200 0.215 201 0.19699999999999998 202 0.19699999999999998 203 0.2475 204 0.2475 205 0.2275 206 0.2275 207 0.21050000000000002 208 0.21050000000000002 209 0.2095 210 0.2095 211 0.20149999999999998 212 0.20149999999999998 213 0.19899999999999998 214 0.19899999999999998 215 0.18 216 0.18 217 0.1975 218 0.1975 219 0.1775 220 0.1772447948087799 221 0.19144334640016733 222 0.18956683764119592 223 0.20772834939045404 224 0.20525135782861179 225 0.16201093836638647 226 0.15498528957279756 227 0.15449162625155244 228 0.13797834917260407 229 0.11086119461033041 230 0.09476825549339164 231 0.10788088366982604 232 0.09914385888805517 233 0.16073906098006369 234 0.15386353288719246 235 0.1756895741215013 236 0.1296175310712355 237 0.16560568734054115 238 0.18072284190281476 239 0.2150488078353313 240 0.055680671953408006 241 0.14093421689782004 242 0.15569108210580157 243 0.044552125897149714 244 0.13783712956842945 245 0.10664951626200453 246 0.07692561738141193 247 0.03587560223894473 248 0.12091897905569343 249 0.1596646792074915 250 0.1494114353484718 251 0.1791182093627561 252 0.2321108171190402 253 0.2044657501710907 254 0.053414301108928586 255 0.10679367718636532 256 0.20704428096638167 257 0.2134951713008557 258 0.26786888910081114 259 0.14460040671737528 260 0.17966860223387618 261 0.16799977323260096 262 0.16496733507810318 263 0.16769108220135992 264 0.16506396993879996 265 0.18004888037178948 266 0.18120480976731584 267 0.19588551698876414 268 0.18195431596216044 269 0.21351281454030202 270 0.22567259129843673 271 0.19385613131645021 272 0.19739897985338822 273 0.2016980111682663 274 0.2016980111682663 275 0.3001904315847124 276 0.3001904315847124 277 0.3312956901206283 278 0.3312956901206283 279 0.36657822711640753 280 0.36657822711640753 281 0.3413102483634138 282 0.3413102483634138 283 0.33384498400264767 284 0.33384498400264767 285 0.46612713299848607 286 0.46612713299848607 287 0.505459710277527 288 0.505459710277527 289 0.209 290 0.209 291 0.2145 292 0.2145 293 0.21 294 0.21 295 0.201 296 0.201 297 0.2195 298 0.2195 299 0.196 300 0.196 301 0.222 302 0.222 303 0.2065 304 0.2065 305 0.21 306 0.21 307 0.2375 308 0.2375 309 0.174 310 0.174 311 0.201 312 0.201 313 0.193 314 0.193 315 0.207 316 0.2067898310189952 317 0.2212389861139712 318 0.220203153279019 319 0.17271114964710493 320 0.16508501805064515 321 0.17142426062641028 322 0.16252210307384993 323 0.1370688742751886 324 0.1356877638285857 325 0.12522269129923005 326 0.10210410338870236 327 0.08191188847606987 328 0.06795066330932263 329 0.05274894337855776 330 0.07942539189609522 331 0.10419274246087899 332 0.04048151707628189 333 -0.0027116785024507983 334 -0.005654044236517969 335 0.0016759949639840177 336 -0.012525423323911516 337 0.002339467309216109 338 0.030562159286865065 339 -0.05537213445122438 340 -0.048226389041870155 341 0.05010206582305943 342 -0.008880357488929708 343 -0.02397601206601499 344 -0.02438133810494622 345 -0.021794660218795447 346 -0.01619515808202479 347 0.015938969669160974 348 0.01931668560445257 349 -0.024562991411194307 350 -0.018783344433562416 351 0.051054389518992105 352 0.0492379290403078 353 0.02826599188228146 354 0.0376935719534022 355 0.051175391540273646 356 0.06082815252856463 357 0.12528107954463935 358 0.09882981207817845 359 0.07282272084955381 360 0.09919892796565585 361 0.16913363953001526 362 0.17911666612774313 363 0.3083611321793246 364 0.3165427103684399 365 0.2831472640554957 366 0.28529399007575895 367 0.3391543394024928 368 0.3421417413467752 369 0.4262485063605233 370 0.4262485063605233 371 0.34974236419324994 372 0.34974236419324994 373 0.23677190479622398 374 0.23677190479622398 375 0.20474368064052137 376 0.20474368064052137 377 0.2329959784185145 378 0.2329959784185145 379 0.3064190141009705 380 0.3064190141009705 381 0.566772814505194 382 0.566772814505194 383 0.3459457636469698 384 0.3459457636469698 385 0.467 386 0.467 387 0.198 388 0.198 389 0.188 390 0.188 391 0.1865 392 0.1865 393 0.187 394 0.187 395 0.1875 396 0.1875 397 0.203 398 0.203 399 0.183 400 0.183 401 0.1895 402 0.1895 403 0.1845 404 0.1845 405 0.1745 406 0.1745 407 0.1685 408 0.1685 409 0.162 410 0.162 411 0.1545 412 0.15365932407598082 413 0.2038646650282771 414 0.19389665050062102 415 0.15705793590880215 416 0.14932671982183998 417 0.17572623701896914 418 0.17027685558291616 419 0.1614177729083705 420 0.15478243793664764 421 0.16054986380322392 422 0.1287993356014278 423 0.12069334574661758 424 0.09868565102140098 425 0.21534769075460533 426 0.19932981198802543 427 0.11091822471912507 428 0.09913374971278477 429 0.02483403629529568 430 0.009656833452734936 431 0.00520745201668199 432 -0.002238534738916498 433 -0.00815570591115955 434 -0.018769238941026334 435 0.01924675429672751 436 0.018120849337139533 437 -0.03276026132419385 438 -0.029637750749265446 439 0.10213103370592513 440 0.18334633262224787 441 0.1482645582258739 442 0.22904450728207484 443 0.2595749834174097 444 0.2375372649461676 445 0.13281638357500367 446 0.16585794980297214 447 0.12519425010204366 448 0.19825799514135425 449 0.20084655924245806 450 0.09073302534595118 451 0.1961784836095078 452 0.22779390285082896 453 0.3166056862044969 454 0.3106008581757884 455 0.30337997594576005 456 0.32220511065517465 457 0.24691648519942466 458 0.2939042645240686 459 0.41270442750320646 460 0.4258850250262216 461 0.41120988722642554 462 0.41656919624204786 463 0.31992415854157263 464 0.32267136736470675 465 0.3085682768634352 466 0.3085682768634352 467 0.3170065200255415 468 0.3170065200255415 469 0.33336295382397224 470 0.33336295382397224 471 0.4010800120759972 472 0.4010800120759972 473 0.34676724361341027 474 0.34676724361341027 475 0.32092836259778323 476 0.32092836259778323 477 0.4716051228093658 478 0.4716051228093658 479 0.5008711499937567 480 0.5008711499937567 481 0.5329999999999999 482 0.5329999999999999 483 0.215 484 0.215 485 0.1855 486 0.1855 487 0.264 488 0.264 489 0.22899999999999998 490 0.22899999999999998 491 0.182 492 0.182 493 0.2675 494 0.2675 495 0.2195 496 0.2195 497 0.2345 498 0.2345 499 0.237 500 0.237 501 0.191 502 0.191 503 0.20850000000000002 504 0.20850000000000002 505 0.223 506 0.223 507 0.226 508 0.226 509 0.321644312005909 510 0.3199329360177271 511 0.34365570305444937 512 0.3360746076682049 513 0.2854542847665538 514 0.2737298580405005 515 0.23783109516839454 516 0.22274396474626446 517 0.2775919580151386 518 0.26173921201934813 519 0.16379179191549564 520 0.15077632716327005 521 0.10336473989436967 522 0.08913329746633059 523 0.0930635931286265 524 0.08426652006656846 525 0.05499705713029995 526 0.09844198791800587 527 0.12168451931601643 528 0.11530438953551364 529 0.11876833053281989 530 0.006312913496144407 531 -0.025563369268397446 532 -0.023476691528421217 533 0.10821265620478226 534 0.11073468437936901 535 0.3051480055206827 536 0.36333478911886796 537 0.007548655624120715 538 0.14351297450687178 539 0.12392094014752364 540 0.09548807943158888 541 0.11813578516490097 542 0.09345594196690907 543 0.16506268718376726 544 0.17153288909917108 545 0.16743021864012458 546 0.1819919266097427 547 0.09926018276604315 548 0.18445368042334487 549 0.20049931976049692 550 0.21995496257351244 551 0.2558365252400039 552 0.2732955627334739 553 0.29372406273061086 554 0.3046678618129321 555 0.3604131584400584 556 0.3777520993729541 557 0.265769918097487 558 0.267541342365956 559 0.2916432288505982 560 0.2931894720679906 561 0.3398023570924888 562 0.3398023570924888 563 0.31107192058668587 564 0.31107192058668587 565 0.29426562043501414 566 0.29426562043501414 567 0.40762784756686826 568 0.40762784756686826 569 0.38884088967580716 570 0.38884088967580716 571 0.35668905315885835 572 0.35668905315885835 573 0.6571096065379578 574 0.6571096065379578 575 0.6933869700762751 576 0.6933869700762751 577 0.774 578 0.774 579 0.23600000000000002 580 0.23600000000000002 581 0.18350000000000002 582 0.18350000000000002 583 0.191 584 0.191 585 0.212 586 0.212 587 0.1895 588 0.1895 589 0.2045 590 0.2045 591 0.21050000000000002 592 0.21050000000000002 593 0.243 594 0.243 595 0.1885 596 0.1885 597 0.19949999999999998 598 0.19949999999999998 599 0.16899999999999998 600 0.16899999999999998 601 0.22149999999999997 602 0.22149999999999997 603 0.23800000000000002 604 0.23781985515913875 605 0.2511685274512439 606 0.24915691006162657 607 0.26689929085605213 608 0.2606692817762671 609 0.25559738976528573 610 0.24555431488727078 611 0.2970914300311925 612 0.2859374619678665 613 0.20971492127222113 614 0.1330482794156855 615 0.20313752220930043 616 0.11967041261025238 617 0.10016241624216646 618 0.07510727129238029 619 0.031060122710680038 620 0.011544431617377476 621 0.016051824264025016 622 0.004897856200699047 623 -0.04958185101836693 624 -0.026373190687408593 625 0.19344696557724672 626 0.1793055955696382 627 -0.05316098520016388 628 -0.07013963640921955 629 0.07098943748023412 630 0.14929239497459287 631 0.14669176161523156 632 -0.03181676360820013 633 0.44468225588766336 634 0.5424858924052529 635 0.27887839358316835 636 0.14016686623038294 637 0.10237431948756642 638 0.11537477216972031 639 0.10083358395940384 640 0.18050263978630607 641 0.029531305492408927 642 0.08480574749667058 643 0.08224034316892598 644 0.12358358408751208 645 0.14218346300562318 646 0.16287009556452392 647 0.344234005416821 648 0.40647404793438446 649 0.40072446248848426 650 0.4115631770803031 651 0.4404630532788798 652 0.4559104733827324 653 0.5184004642340994 654 0.5256512940787649 655 0.33928548163820693 656 0.34093680934610177 657 0.2913294581240538 658 0.2913294581240538 659 0.3284095666943441 660 0.3284095666943441 661 0.4157238199542744 662 0.4157238199542744 663 0.3833921638332162 664 0.3833921638332162 665 0.7128980932430073 666 0.7128980932430073 667 0.3487008585791888 668 0.3487008585791888 669 0.30058399924945645 670 0.30058399924945645 671 0.4719364094499351 672 0.4719364094499351 ;

param PRICEDAYAHEADT1 := 60.48000000000001
;
param PRICEDAYAHEADT2 := 120.96000000000002
;
param PRICEDAYAHEADT3 := 181.44000000000005
;
param PRICEDAYAHEADT4 := 241.92000000000004
;
