set I :=
1 2 3 4 5 6 7 8 9 10 11 12 13 14 15 16 17 18 19 20 21 22 23 24 25 26 27 28 29 30 31 32 33 34 35 36 37 38 39 40 41 42 43 44 45 46 47 48 49 50 51 52 53 54 55 56 57 58 59 60 61 62 63 64 65 66 67 68 69 70 71 72 73 74 75 76 77 78 79 80 81 82 83 84 85 86 87 88 89 90 91 92 93 94 95 96 97 98 99 100 101 102 103 104 105 106 107 108 109 110 111 112 113 114 115 116 117 118 119 120 121 122 123 124 125 126 127 128 129 130 131 132 133 134 135 136 137 138 139 140 141 142 143 144 145 146 147 148 149 150 151 152 153 154 155 156 157 158 159 160 161 162 163 164 165 166 167 168 169 170 171 172 173 174 175 176 177 178 179 180 181 182 183 184 185 186 187 188 189 190 191 192 193 194 195 196 197 198 199 200 201 202 203 204 205 206 207 208 209 210 211 212 213 214 215 216 217 218 219 220 221 222 223 224 225 226 227 228 229 230 231 232 233 234 235 236 237 238 239 240 241 242 243 244 245 246 247 248 249 250 251 252 253 254 255 256 257 258 259 260 261 262 263 264 265 266 267 268 269 270 271 272 273 274 275 276 277 278 279 280 281 282 283 284 285 286 287 288 289 290 291 292 293 294 295 296 297 298 299 300 301 302 303 304 305 306 307 308 309 310 311 312 313 314 315 316 317 318 319 320 321 322 323 324 325 326 327 328 329 330 331 332 333 334 335 336 337 338 339 340 341 342 343 344 345 346 347 348 349 350 351 352 353 354 355 356 357 358 359 360 361 362 363 364 365 366 367 368 369 370 371 372 373 374 375 376 377 378 379 380 381 382 383 384 385 386 387 388 389 390 391 392 393 394 395 396 397 398 399 400 401 402 403 404 405 406 407 408 409 410 411 412 413 414 415 416 417 418 419 420 421 422 423 424 425 426 427 428 429 430 431 432 433 434 435 436 437 438 439 440 441 442 443 444 445 446 447 448 449 450 451 452 453 454 455 456 457 458 459 460 461 462 463 464 465 466 467 468 469 470 471 472 473 474 475 476 477 478 479 480 481 482 483 484 485 486 487 488 489 490 491 492 493 494 495 496 497 498 499 500 501 502 503 504 505 506 507 508 509 510 511 512 513 514 515 516 517 518 519 520 521 522 523 524 525 526 527 528 529 530 531 532 533 534 535 536 537 538 539 540 541 542 543 544 545 546 547 548 549 550 551 552 553 554 555 556 557 558 559 560 561 562 563 564 565 566 567 568 569 570 571 572 573 574 575 576 577 578 579 580 581 582 583 584 585 586 587 588 589 590 591 592 593 594 595 596 597 598 599 600 601 602 603 604 605 606 607 608 609 610 611 612 613 614 615 616 617 618 619 620 621 622 623 624 625 626 627 628 629 630 631 632 633 634 635 636 637 638 639 640 641 642 643 644 645 646 647 648 649 650 651 652 653 654 655 656 657 658 659 660 661 662 663 664 665 666 667 668 669 670 671 672 ;

set T1 :=
 1 2 3 4 5 6 7 8 9 10 11 12 13 14 15 16 17 18 19 20 21 22 23 24 97 98 99 100 101 102 103 104 105 106 107 108 109 110 111 112 113 114 115 116 117 118 119 120 193 194 195 196 197 198 199 200 201 202 203 204 205 206 207 208 209 210 211 212 213 214 215 216 289 290 291 292 293 294 295 296 297 298 299 300 301 302 303 304 305 306 307 308 309 310 311 312 385 386 387 388 389 390 391 392 393 394 395 396 397 398 399 400 401 402 403 404 405 406 407 408 481 482 483 484 485 486 487 488 489 490 491 492 493 494 495 496 497 498 499 500 501 502 503 504 577 578 579 580 581 582 583 584 585 586 587 588 589 590 591 592 593 594 595 596 597 598 599 600
;

set T2 :=
 25 26 27 28 29 30 31 32 33 34 35 36 37 38 39 40 41 42 43 44 45 46 47 48 121 122 123 124 125 126 127 128 129 130 131 132 133 134 135 136 137 138 139 140 141 142 143 144 217 218 219 220 221 222 223 224 225 226 227 228 229 230 231 232 233 234 235 236 237 238 239 240 313 314 315 316 317 318 319 320 321 322 323 324 325 326 327 328 329 330 331 332 333 334 335 336 409 410 411 412 413 414 415 416 417 418 419 420 421 422 423 424 425 426 427 428 429 430 431 432 505 506 507 508 509 510 511 512 513 514 515 516 517 518 519 520 521 522 523 524 525 526 527 528 601 602 603 604 605 606 607 608 609 610 611 612 613 614 615 616 617 618 619 620 621 622 623 624
;

set T3 :=
 49 50 51 52 53 54 55 56 57 58 59 60 61 62 63 64 65 66 67 68 69 70 71 72 145 146 147 148 149 150 151 152 153 154 155 156 157 158 159 160 161 162 163 164 165 166 167 168 241 242 243 244 245 246 247 248 249 250 251 252 253 254 255 256 257 258 259 260 261 262 263 264 337 338 339 340 341 342 343 344 345 346 347 348 349 350 351 352 353 354 355 356 357 358 359 360 433 434 435 436 437 438 439 440 441 442 443 444 445 446 447 448 449 450 451 452 453 454 455 456 529 530 531 532 533 534 535 536 537 538 539 540 541 542 543 544 545 546 547 548 549 550 551 552 625 626 627 628 629 630 631 632 633 634 635 636 637 638 639 640 641 642 643 644 645 646 647 648
;

set T4 :=
 73 74 75 76 77 78 79 80 81 82 83 84 85 86 87 88 89 90 91 92 93 94 95 96 169 170 171 172 173 174 175 176 177 178 179 180 181 182 183 184 185 186 187 188 189 190 191 192 265 266 267 268 269 270 271 272 273 274 275 276 277 278 279 280 281 282 283 284 285 286 287 288 361 362 363 364 365 366 367 368 369 370 371 372 373 374 375 376 377 378 379 380 381 382 383 384 457 458 459 460 461 462 463 464 465 466 467 468 469 470 471 472 473 474 475 476 477 478 479 480 553 554 555 556 557 558 559 560 561 562 563 564 565 566 567 568 569 570 571 572 573 574 575 576 649 650 651 652 653 654 655 656 657 658 659 660 661 662 663 664 665 666 667 668 669 670 671 672
;

param PRICEPOOL :=
1 0.52 2 0.52 3 0.5 4 0.5 5 0.47 6 0.47 7 0.48 8 0.48 9 0.47 10 0.47 11 0.43 12 0.43 13 0.42 14 0.42 15 0.42 16 0.42 17 0.41 18 0.41 19 0.41 20 0.41 21 0.41 22 0.41 23 0.44 24 0.44 25 0.84 26 0.84 27 0.85 28 0.85 29 0.87 30 0.87 31 0.9 32 0.9 33 0.9 34 0.9 35 0.93 36 0.93 37 0.92 38 0.92 39 0.92 40 0.92 41 0.93 42 0.93 43 0.94 44 0.93 45 0.93 46 0.92 47 0.92 48 0.9 49 1.3 50 1.3 51 1.31 52 1.29 53 1.29 54 1.3 55 1.29 56 1.3 57 1.29 58 1.29 59 1.29 60 1.28 61 1.29 62 1.29 63 1.29 64 1.3 65 1.28 66 1.28 67 1.26 68 1.27 69 1.31 70 1.31 71 1.31 72 1.31 73 1.69 74 1.69 75 1.67 76 1.67 77 1.67 78 1.67 79 1.69 80 1.69 81 1.7 82 1.7 83 1.72 84 1.72 85 1.72 86 1.72 87 1.74 88 1.74 89 1.71 90 1.71 91 1.7 92 1.7 93 1.68 94 1.68 95 1.66 96 1.66 97 0.51 98 0.51 99 0.49 100 0.49 101 0.47 102 0.47 103 0.46 104 0.46 105 0.47 106 0.47 107 0.44 108 0.44 109 0.43 110 0.43 111 0.43 112 0.43 113 0.42 114 0.42 115 0.41 116 0.41 117 0.4 118 0.4 119 0.42 120 0.42 121 0.84 122 0.84 123 0.85 124 0.85 125 0.87 126 0.87 127 0.88 128 0.88 129 0.89 130 0.89 131 0.91 132 0.91 133 0.92 134 0.92 135 0.94 136 0.94 137 0.92 138 0.92 139 0.92 140 0.92 141 0.93 142 0.92 143 0.92 144 0.91 145 1.33 146 1.33 147 1.29 148 1.28 149 1.29 150 1.3 151 1.31 152 1.32 153 1.3 154 1.3 155 1.31 156 1.3 157 1.3 158 1.3 159 1.28 160 1.28 161 1.28 162 1.27 163 1.29 164 1.31 165 1.31 166 1.31 167 1.34 168 1.34 169 1.7 170 1.7 171 1.67 172 1.67 173 1.68 174 1.68 175 1.7 176 1.7 177 1.71 178 1.71 179 1.73 180 1.73 181 1.74 182 1.74 183 1.73 184 1.73 185 1.71 186 1.71 187 1.69 188 1.69 189 1.69 190 1.69 191 1.67 192 1.67 193 0.51 194 0.51 195 0.5 196 0.5 197 0.47 198 0.47 199 0.47 200 0.47 201 0.48 202 0.48 203 0.44 204 0.44 205 0.42 206 0.42 207 0.43 208 0.43 209 0.41 210 0.41 211 0.4 212 0.4 213 0.42 214 0.42 215 0.42 216 0.42 217 0.85 218 0.85 219 0.87 220 0.87 221 0.88 222 0.88 223 0.9 224 0.9 225 0.89 226 0.89 227 0.92 228 0.92 229 0.93 230 0.93 231 0.92 232 0.92 233 0.9 234 0.9 235 0.9 236 0.91 237 0.92 238 0.92 239 0.89 240 0.89 241 1.28 242 1.28 243 1.31 244 1.31 245 1.3 246 1.3 247 1.3 248 1.31 249 1.31 250 1.3 251 1.29 252 1.3 253 1.31 254 1.31 255 1.29 256 1.29 257 1.28 258 1.28 259 1.3 260 1.3 261 1.29 262 1.29 263 1.31 264 1.32 265 1.7 266 1.7 267 1.68 268 1.69 269 1.68 270 1.68 271 1.69 272 1.69 273 1.71 274 1.71 275 1.7 276 1.7 277 1.72 278 1.72 279 1.73 280 1.73 281 1.71 282 1.71 283 1.7 284 1.7 285 1.68 286 1.68 287 1.67 288 1.67 289 0.52 290 0.52 291 0.5 292 0.5 293 0.47 294 0.47 295 0.48 296 0.48 297 0.47 298 0.47 299 0.43 300 0.43 301 0.42 302 0.42 303 0.42 304 0.42 305 0.41 306 0.41 307 0.41 308 0.41 309 0.41 310 0.41 311 0.44 312 0.44 313 0.84 314 0.84 315 0.85 316 0.85 317 0.87 318 0.87 319 0.9 320 0.9 321 0.9 322 0.9 323 0.93 324 0.93 325 0.92 326 0.92 327 0.92 328 0.92 329 0.93 330 0.93 331 0.94 332 0.93 333 0.93 334 0.92 335 0.92 336 0.9 337 1.3 338 1.3 339 1.31 340 1.29 341 1.29 342 1.3 343 1.29 344 1.3 345 1.29 346 1.29 347 1.29 348 1.28 349 1.29 350 1.29 351 1.29 352 1.3 353 1.28 354 1.28 355 1.26 356 1.27 357 1.31 358 1.31 359 1.31 360 1.31 361 1.69 362 1.69 363 1.67 364 1.67 365 1.67 366 1.67 367 1.69 368 1.69 369 1.7 370 1.7 371 1.72 372 1.72 373 1.72 374 1.72 375 1.74 376 1.74 377 1.71 378 1.71 379 1.7 380 1.7 381 1.68 382 1.68 383 1.66 384 1.66 385 0.51 386 0.51 387 0.5 388 0.5 389 0.46 390 0.46 391 0.46 392 0.46 393 0.47 394 0.47 395 0.43 396 0.43 397 0.42 398 0.42 399 0.43 400 0.43 401 0.41 402 0.41 403 0.41 404 0.41 405 0.41 406 0.41 407 0.43 408 0.43 409 0.85 410 0.85 411 0.86 412 0.86 413 0.88 414 0.88 415 0.89 416 0.89 417 0.87 418 0.87 419 0.89 420 0.89 421 0.91 422 0.91 423 0.92 424 0.92 425 0.93 426 0.92 427 0.92 428 0.91 429 0.91 430 0.91 431 0.91 432 0.9 433 1.32 434 1.32 435 1.3 436 1.28 437 1.3 438 1.31 439 1.31 440 1.31 441 1.3 442 1.3 443 1.31 444 1.29 445 1.3 446 1.3 447 1.29 448 1.29 449 1.27 450 1.27 451 1.28 452 1.29 453 1.29 454 1.29 455 1.33 456 1.34 457 1.69 458 1.69 459 1.68 460 1.68 461 1.68 462 1.68 463 1.7 464 1.7 465 1.72 466 1.72 467 1.74 468 1.74 469 1.74 470 1.74 471 1.75 472 1.75 473 1.72 474 1.72 475 1.7 476 1.7 477 1.69 478 1.69 479 1.67 480 1.67 481 0.5 482 0.5 483 0.48 484 0.48 485 0.46 486 0.46 487 0.46 488 0.46 489 0.47 490 0.47 491 0.43 492 0.43 493 0.42 494 0.42 495 0.43 496 0.43 497 0.42 498 0.42 499 0.42 500 0.42 501 0.41 502 0.41 503 0.43 504 0.43 505 0.85 506 0.85 507 0.86 508 0.86 509 0.87 510 0.87 511 0.88 512 0.88 513 0.89 514 0.89 515 0.92 516 0.92 517 0.93 518 0.93 519 0.94 520 0.94 521 0.94 522 0.93 523 0.93 524 0.92 525 0.92 526 0.92 527 0.93 528 0.91 529 1.32 530 1.31 531 1.27 532 1.25 533 1.3 534 1.3 535 1.28 536 1.29 537 1.29 538 1.29 539 1.31 540 1.3 541 1.3 542 1.3 543 1.29 544 1.29 545 1.29 546 1.29 547 1.29 548 1.3 549 1.31 550 1.3 551 1.33 552 1.33 553 1.7 554 1.7 555 1.7 556 1.7 557 1.7 558 1.7 559 1.71 560 1.71 561 1.71 562 1.71 563 1.73 564 1.73 565 1.74 566 1.74 567 1.75 568 1.75 569 1.72 570 1.72 571 1.71 572 1.71 573 1.69 574 1.69 575 1.67 576 1.67 577 0.51 578 0.51 579 0.5 580 0.5 581 0.47 582 0.47 583 0.46 584 0.46 585 0.48 586 0.48 587 0.44 588 0.44 589 0.42 590 0.42 591 0.42 592 0.42 593 0.43 594 0.43 595 0.41 596 0.41 597 0.41 598 0.41 599 0.44 600 0.44 601 0.84 602 0.84 603 0.86 604 0.86 605 0.88 606 0.88 607 0.89 608 0.89 609 0.88 610 0.87 611 0.9 612 0.9 613 0.91 614 0.91 615 0.92 616 0.92 617 0.91 618 0.9 619 0.94 620 0.94 621 0.93 622 0.93 623 0.94 624 0.93 625 1.3 626 1.31 627 1.31 628 1.31 629 1.28 630 1.28 631 1.31 632 1.32 633 1.29 634 1.29 635 1.32 636 1.32 637 1.31 638 1.31 639 1.31 640 1.31 641 1.29 642 1.29 643 1.3 644 1.3 645 1.3 646 1.3 647 1.33 648 1.33 649 1.68 650 1.69 651 1.68 652 1.68 653 1.67 654 1.67 655 1.7 656 1.7 657 1.72 658 1.72 659 1.73 660 1.73 661 1.74 662 1.74 663 1.74 664 1.74 665 1.72 666 1.72 667 1.7 668 1.7 669 1.7 670 1.7 671 1.68 672 1.68 ;

param DEMAND :=
1 0.3165 2 0.3165 3 0.33 4 0.33 5 0.36 6 0.36 7 0.7955 8 0.7955 9 0.6085 10 0.6085 11 0.594 12 0.594 13 0.2585 14 0.2585 15 0.262 16 0.262 17 0.2845 18 0.2845 19 0.2545 20 0.2545 21 0.29 22 0.29 23 0.9715 24 0.9715 25 0.7585 26 0.7585 27 0.2515 28 0.2515 29 0.33004382920303815 30 0.3276869342017701 31 0.46625037716251166 32 0.45737824375009484 33 0.37112741390542925 34 0.3666988532342567 35 0.4607959413566732 36 0.44557370230389715 37 0.7155180293701646 38 0.7108642876479155 39 0.4160001506035846 40 0.38271839125446794 41 0.6791847207910006 42 0.6695619838749952 43 0.6869477966128144 44 0.7268198547234385 45 0.38128273914381755 46 0.4037257839011156 47 0.4190325883223829 48 0.3854655996419023 49 0.7200726444524717 50 0.7284643911247997 51 0.41887145198229425 52 0.4177905829371267 53 0.4028019245090836 54 0.44168318599497103 55 0.3530343220235461 56 0.35872389658074744 57 0.24936519098523466 58 0.3618656441030882 59 0.47350553073805207 60 0.6135231082974623 61 0.40403628454405355 62 0.3240819993418 63 0.40353319093739104 64 0.4733843526514609 65 0.40021899413953654 66 0.47233697876432557 67 0.3182408712717715 68 0.24956065069341807 69 0.7346368400862642 70 0.7646009319495195 71 0.8424370017664506 72 0.8534708695710488 73 0.7614420306271893 74 0.7821289842868121 75 0.7238179661203498 76 0.7370285877835084 77 0.7661541429455209 78 0.7682186830976636 79 0.5881349807948645 80 0.5896812240122569 81 0.5514403753615162 82 0.5514403753615162 83 0.5201056486109523 84 0.5201056486109523 85 0.42164906015352704 86 0.42164906015352704 87 0.38215031915553854 88 0.38215031915553854 89 0.33882979597705176 90 0.33882979597705176 91 0.5638602036354242 92 0.5638602036354242 93 0.7038683521962228 94 0.7038683521962228 95 0.9556602224616397 96 0.9556602224616397 97 0.568 98 0.568 99 0.282 100 0.282 101 0.426 102 0.426 103 0.192 104 0.192 105 0.19399999999999998 106 0.19399999999999998 107 0.179 108 0.179 109 0.17850000000000002 110 0.17850000000000002 111 0.1795 112 0.1795 113 0.17800000000000002 114 0.17800000000000002 115 0.187 116 0.187 117 0.187 118 0.187 119 0.162 120 0.162 121 0.16899999999999998 122 0.16899999999999998 123 0.1675 124 0.1675 125 0.20299999999999999 126 0.20299999999999999 127 0.19149999999999992 128 0.19125980687885158 129 0.2134467410806217 130 0.20607581467538208 131 0.2577995623782045 132 0.2558329811988025 133 0.2559736721831802 134 0.25279111332796467 135 0.24658773370786877 136 0.24038774876822727 137 0.24614129427011633 138 0.2156217558142054 139 0.2370506181282473 140 0.22308939296150004 141 0.24078990588508786 142 0.22724901868035022 143 0.6798952920184594 144 0.6693418067580041 145 0.7244951451369387 146 0.7175295442984616 147 0.5901285419020265 148 0.5885973107547058 149 0.1545128229522129 150 0.15269636247352858 151 0.10700120539185176 152 0.10072615973597038 153 0.07588186358736551 154 0.12313986017330139 155 0.14294040316930476 156 0.15993406649054975 157 0.12719734317320086 158 0.1298694916459762 159 0.11691694189674828 160 0.18897487824125017 161 0.12292833292809333 162 0.13219078016237615 163 0.19283396065107367 164 0.23759995360509545 165 0.2569204127929738 166 0.28692954086644445 167 0.310499998868325 168 0.310499998868325 169 0.30503790365436756 170 0.3010597050853482 171 0.16954185069528407 172 0.16928664550406397 173 0.16114130013380074 174 0.16453402797002104 175 0.18698691544772875 176 0.19083000538610218 177 0.21497700142586026 178 0.21497700142586026 179 0.2942311954999101 180 0.2942311954999101 181 0.37684706436733645 182 0.37684706436733645 183 0.33530486829534656 184 0.33530486829534656 185 0.46434068672696993 186 0.46434068672696993 187 0.35620067489568213 188 0.35620067489568213 189 0.6180169002818745 190 0.6180169002818745 191 0.45317915708186146 192 0.45317915708186146 193 0.262 194 0.262 195 0.251 196 0.251 197 0.237 198 0.237 199 0.2625 200 0.2625 201 0.2515 202 0.2515 203 0.252 204 0.252 205 0.248 206 0.248 207 0.2585 208 0.2585 209 0.24350000000000002 210 0.24350000000000002 211 0.26 212 0.26 213 0.225 214 0.225 215 0.2275 216 0.2275 217 0.2255 218 0.2255 219 0.2395 220 0.2392447948087799 221 0.23444334640016734 222 0.23256683764119593 223 0.22772834939045405 224 0.2252513578286118 225 0.2025109383663865 226 0.1954852895727976 227 0.19249162625155253 228 0.1759783491726042 229 0.1543611946103306 230 0.13826825549339183 231 0.0943808836698263 232 0.08564385888805544 233 0.08473906098006392 234 0.0778635328871927 235 0.12868957412150162 236 0.0826175310712357 237 0.06810568734054143 238 0.08322284190281504 239 0.1825488078353315 240 0.023180671953408144 241 0.09043421781759517 242 0.1051910826981463 243 -0.018447873886837468 244 0.07483712961478795 245 0.07614951643210405 246 0.046425617689997006 247 0.014875602348132011 248 0.09991897930471602 249 0.11766467953948731 250 0.10741143568046758 251 0.12861821001213752 252 0.18161081736548995 253 0.15546575096199033 254 0.004414301899828221 255 0.029793677438124888 256 0.13004428137741314 257 0.1349951714822889 258 0.1893688892822443 259 0.16360040701407053 260 0.1986686027017281 261 0.2694997735977522 262 0.2664673354432544 263 0.449691082863606 264 0.447063970601046 265 0.27763384119391815 266 0.27878977058944454 267 0.24565641879317446 268 0.23172521776657076 269 0.46962395750131836 270 0.48178373425945303 271 0.4786983913979996 272 0.48224123993493756 273 0.4665925896537505 274 0.4665925896537505 275 0.4284679867128321 276 0.4284679867128321 277 0.3001347387498043 278 0.3001347387498043 279 0.2631603618990982 280 0.2631603618990982 281 0.25499050531801554 282 0.25499050531801554 283 0.25269619994041076 284 0.25269619994041076 285 0.2517328683598267 286 0.2517328683598267 287 0.2514333513348491 288 0.2514333513348491 289 0.467 290 0.467 291 0.198 292 0.198 293 0.188 294 0.188 295 0.1865 296 0.1865 297 0.187 298 0.187 299 0.1875 300 0.1875 301 0.203 302 0.203 303 0.183 304 0.183 305 0.1895 306 0.1895 307 0.1845 308 0.1845 309 0.1745 310 0.1745 311 0.1685 312 0.1685 313 0.162 314 0.162 315 0.1545 316 0.1542898310189952 317 0.2092389861139712 318 0.208203153279019 319 0.17971114964710494 320 0.17208501805064516 321 0.1919242606264103 322 0.18302210307384995 323 0.15656887427518842 324 0.15518776382858548 325 0.18272269129923005 326 0.15960410338870235 327 0.16241188847606983 328 0.1484506633093226 329 0.2977489433785576 330 0.3244253918960951 331 0.2346927424608789 332 0.17098151707628184 333 0.10478832149754921 334 0.10184595576348204 335 0.09667599496398405 336 0.08247457667608848 337 0.08533946649583168 338 0.11356215874163708 339 0.12012786517903018 340 0.12727361082898817 341 0.12560206586292083 342 0.0666196425509317 343 0.11202398788322243 344 0.11161866181932495 345 0.10570533957240247 346 0.11130484170917312 347 0.13393896898675628 348 0.1373166851470229 349 0.11493700811952415 350 0.12071665509715604 351 0.18755438918018136 352 0.18573792870149705 353 0.17526599184015995 354 0.18469357192516736 355 0.2731753910076224 356 0.28282815173394227 357 0.3792810787541418 358 0.3528298112876809 359 0.3503227190601887 360 0.37669892501570423 361 0.29327375758105423 362 0.3032567841787821 363 0.41864920725162785 364 0.42683078544074315 365 0.4174398963062106 366 0.41958662232647387 367 0.3215604741793957 368 0.32454787612367814 369 0.3085682768634352 370 0.3085682768634352 371 0.3170065200255415 372 0.3170065200255415 373 0.33336295382397224 374 0.33336295382397224 375 0.4010800120759972 376 0.4010800120759972 377 0.34676724361341027 378 0.34676724361341027 379 0.32092836259778323 380 0.32092836259778323 381 0.4716051228093658 382 0.4716051228093658 383 0.5008711499937567 384 0.5008711499937567 385 0.5145000000000001 386 0.5145000000000001 387 0.37549999999999994 388 0.37549999999999994 389 0.3095 390 0.3095 391 0.193 392 0.193 393 0.19899999999999998 394 0.19899999999999998 395 0.2045 396 0.2045 397 0.2025 398 0.2025 399 0.192 400 0.192 401 0.2095 402 0.2095 403 0.20600000000000002 404 0.20600000000000002 405 0.235 406 0.235 407 0.469 408 0.469 409 1.3405 410 1.3405 411 0.2155 412 0.21465932407598082 413 0.1748646650282771 414 0.16489665050062102 415 0.21955793590880218 416 0.21182671982184 417 0.4827261870189692 418 0.47727680558291624 419 0.32641777290837076 420 0.31978243793664785 421 0.13604986380322404 422 0.10429933560142793 423 0.03119334574661778 424 0.009185651021401176 425 0.04334769075460557 426 0.02732981198802567 427 0.2284182247191253 428 0.21663374971278487 429 0.21433403629529574 430 0.199156833452735 431 0.16220745201668207 432 0.15476146526108353 433 0.3263442951825926 434 0.3157307616418503 435 0.3317467545179514 436 0.3306208493667242 437 0.1537397389781484 438 0.15686224955307682 439 0.18063103385973917 440 0.2618463328517113 441 0.16976455836991253 442 0.25054450742611345 443 0.40857498445515217 444 0.38653726558979196 445 0.1043163841720671 446 0.13735795040003557 447 0.25719425056839845 448 0.3302579956077091 449 0.43534655929844035 450 0.3252330253219984 451 0.2786784840374496 452 0.31029390360859976 453 0.23310568715236474 454 0.22710085912365624 455 0.3418799775317226 456 0.36070511340172373 457 0.3314801741558613 458 0.3784679534805052 459 0.31999029549818936 460 0.3331708930212045 461 0.35742598726506175 462 0.36278529628068407 463 0.34591878930624526 464 0.3486659981293794 465 0.3050956435225283 466 0.3050956435225283 467 0.44332814810171645 468 0.44332814810171645 469 0.3903269058146956 470 0.3903269058146956 471 0.3784387767035881 472 0.3784387767035881 473 0.37158279794387167 474 0.37158279794387167 475 0.555911513540123 476 0.555911513540123 477 0.5243930246232968 478 0.5243930246232968 479 0.31928044613949097 480 0.31928044613949097 481 0.262 482 0.262 483 0.251 484 0.251 485 0.237 486 0.237 487 0.2625 488 0.2625 489 0.2515 490 0.2515 491 0.252 492 0.252 493 0.248 494 0.248 495 0.2585 496 0.2585 497 0.24350000000000002 498 0.24350000000000002 499 0.26 500 0.26 501 0.225 502 0.225 503 0.2275 504 0.2275 505 0.2255 506 0.2255 507 0.2395 508 0.2395 509 0.23564431200590902 510 0.2339329360177271 511 0.23065570305444946 512 0.223074607668205 513 0.20045428476655386 514 0.18872985804050052 515 0.1918310951683946 516 0.17674396474626453 517 0.1490919580151389 518 0.13323921201934846 519 0.08929179191549583 520 0.07627632716327018 521 0.07936473989436982 522 0.06513329746633073 523 0.05906359312862666 524 0.050266520066568676 525 0.03249705713030007 526 0.075941987918006 527 0.03418451931601646 528 0.027804389535513674 529 0.10176833072178244 530 -0.010687086185855815 531 -0.019063368759780097 532 -0.0169766909441649 533 -0.0007873426857235022 534 0.0017346850863340646 535 0.011648007282701184 536 0.06983479088088645 537 0.035548656246898735 538 0.17151297488693074 539 0.1009209407297196 540 0.07248808001378484 541 0.03113578662758104 542 0.006455943429589134 543 0.028562687692239658 544 0.035032889893173075 545 0.06043021943580121 546 0.07499192740541932 547 0.0762601833365055 548 0.16145368099380725 549 0.1569993204798986 550 0.1764549632929141 551 0.3818365261392 552 0.39929556363266994 553 0.24424699735429897 554 0.2551907964366202 555 0.24435036869693036 556 0.2616893096298261 557 0.48855417786182187 558 0.49032560213029086 559 0.4830068555085979 560 0.48455309872599034 561 0.4665925896537505 562 0.4665925896537505 563 0.4284679867128321 564 0.4284679867128321 565 0.3001347387498043 566 0.3001347387498043 567 0.2631603618990982 568 0.2631603618990982 569 0.25499050531801554 570 0.25499050531801554 571 0.25269619994041076 572 0.25269619994041076 573 0.2517328683598267 574 0.2517328683598267 575 0.2514333513348491 576 0.2514333513348491 577 0.345 578 0.345 579 0.2245 580 0.2245 581 0.249 582 0.249 583 0.27449999999999997 584 0.27449999999999997 585 0.22699999999999998 586 0.22699999999999998 587 0.23149999999999998 588 0.23149999999999998 589 0.24350000000000002 590 0.24350000000000002 591 0.2445 592 0.2445 593 0.2155 594 0.2155 595 0.2 596 0.2 597 0.249 598 0.249 599 0.20800000000000002 600 0.20800000000000002 601 0.1975 602 0.1975 603 0.2095 604 0.20931985515913873 605 0.24116852745124387 606 0.23915691006162654 607 0.28039929085605214 608 0.2741692817762671 609 0.2970973897652857 610 0.2870543148872708 611 0.5935914300311923 612 0.5824374619678663 613 0.709214921272221 614 0.6325482794156854 615 0.5616375222093001 616 0.47817041261025206 617 0.14716241624216628 618 0.12210727129238017 619 0.1890601227106798 620 0.16954443161737723 621 0.183551824264025 622 0.17239785620069903 623 0.358918148981633 624 0.3821268093125913 625 0.215446965553096 626 0.20130559526932618 627 0.053839014033412125 628 0.036860362782238865 629 0.011489437299916527 630 0.08979239479427528 631 0.11069176145414496 632 -0.06781676393681893 633 0.0651822561669183 634 0.1629858926845078 635 0.09337839347662971 636 -0.045333133986536434 637 -0.0011256809347920949 638 0.011874771982551158 639 0.08083358343684338 640 0.16050263900673764 641 0.048531305373883254 642 0.10380574737814491 643 0.4512403428383256 644 0.49258358381598355 645 0.13818346259564707 646 0.1588700951545478 647 0.16523400492745532 648 0.22747404744501884 649 0.20389374461148246 650 0.2147324592033013 651 0.566123779041789 652 0.5815711991456416 653 0.7385688062109038 654 0.7458196360555693 655 0.43141531027572827 656 0.4330666379836231 657 0.4591310876870061 658 0.4591310876870061 659 0.4487768739443073 660 0.4487768739443073 661 0.5359564874257623 662 0.5359564874257623 663 0.6898971847669743 664 0.6898971847669743 665 0.8706387876130686 666 0.8706387876130686 667 0.34162736456940324 668 0.34162736456940324 669 0.3103006835918178 670 0.3103006835918178 671 0.34843232441960614 672 0.34843232441960614 ;

param PRICEDAYAHEADT1 := 60.48000000000001
;
param PRICEDAYAHEADT2 := 120.96000000000002
;
param PRICEDAYAHEADT3 := 181.44000000000005
;
param PRICEDAYAHEADT4 := 241.92000000000004
;
