set I :=
1 2 3 4 5 6 7 8 9 10 11 12 13 14 15 16 17 18 19 20 21 22 23 24 25 26 27 28 29 30 31 32 33 34 35 36 37 38 39 40 41 42 43 44 45 46 47 48 49 50 51 52 53 54 55 56 57 58 59 60 61 62 63 64 65 66 67 68 69 70 71 72 73 74 75 76 77 78 79 80 81 82 83 84 85 86 87 88 89 90 91 92 93 94 95 96 97 98 99 100 101 102 103 104 105 106 107 108 109 110 111 112 113 114 115 116 117 118 119 120 121 122 123 124 125 126 127 128 129 130 131 132 133 134 135 136 137 138 139 140 141 142 143 144 145 146 147 148 149 150 151 152 153 154 155 156 157 158 159 160 161 162 163 164 165 166 167 168 169 170 171 172 173 174 175 176 177 178 179 180 181 182 183 184 185 186 187 188 189 190 191 192 193 194 195 196 197 198 199 200 201 202 203 204 205 206 207 208 209 210 211 212 213 214 215 216 217 218 219 220 221 222 223 224 225 226 227 228 229 230 231 232 233 234 235 236 237 238 239 240 241 242 243 244 245 246 247 248 249 250 251 252 253 254 255 256 257 258 259 260 261 262 263 264 265 266 267 268 269 270 271 272 273 274 275 276 277 278 279 280 281 282 283 284 285 286 287 288 289 290 291 292 293 294 295 296 297 298 299 300 301 302 303 304 305 306 307 308 309 310 311 312 313 314 315 316 317 318 319 320 321 322 323 324 325 326 327 328 329 330 331 332 333 334 335 336 337 338 339 340 341 342 343 344 345 346 347 348 349 350 351 352 353 354 355 356 357 358 359 360 361 362 363 364 365 366 367 368 369 370 371 372 373 374 375 376 377 378 379 380 381 382 383 384 385 386 387 388 389 390 391 392 393 394 395 396 397 398 399 400 401 402 403 404 405 406 407 408 409 410 411 412 413 414 415 416 417 418 419 420 421 422 423 424 425 426 427 428 429 430 431 432 433 434 435 436 437 438 439 440 441 442 443 444 445 446 447 448 449 450 451 452 453 454 455 456 457 458 459 460 461 462 463 464 465 466 467 468 469 470 471 472 473 474 475 476 477 478 479 480 481 482 483 484 485 486 487 488 489 490 491 492 493 494 495 496 497 498 499 500 501 502 503 504 505 506 507 508 509 510 511 512 513 514 515 516 517 518 519 520 521 522 523 524 525 526 527 528 529 530 531 532 533 534 535 536 537 538 539 540 541 542 543 544 545 546 547 548 549 550 551 552 553 554 555 556 557 558 559 560 561 562 563 564 565 566 567 568 569 570 571 572 573 574 575 576 577 578 579 580 581 582 583 584 585 586 587 588 589 590 591 592 593 594 595 596 597 598 599 600 601 602 603 604 605 606 607 608 609 610 611 612 613 614 615 616 617 618 619 620 621 622 623 624 625 626 627 628 629 630 631 632 633 634 635 636 637 638 639 640 641 642 643 644 645 646 647 648 649 650 651 652 653 654 655 656 657 658 659 660 661 662 663 664 665 666 667 668 669 670 671 672 ;

set T1 :=
 1 2 3 4 5 6 7 8 9 10 11 12 13 14 15 16 17 18 19 20 21 22 23 24 97 98 99 100 101 102 103 104 105 106 107 108 109 110 111 112 113 114 115 116 117 118 119 120 193 194 195 196 197 198 199 200 201 202 203 204 205 206 207 208 209 210 211 212 213 214 215 216 289 290 291 292 293 294 295 296 297 298 299 300 301 302 303 304 305 306 307 308 309 310 311 312 385 386 387 388 389 390 391 392 393 394 395 396 397 398 399 400 401 402 403 404 405 406 407 408 481 482 483 484 485 486 487 488 489 490 491 492 493 494 495 496 497 498 499 500 501 502 503 504 577 578 579 580 581 582 583 584 585 586 587 588 589 590 591 592 593 594 595 596 597 598 599 600
;

set T2 :=
 25 26 27 28 29 30 31 32 33 34 35 36 37 38 39 40 41 42 43 44 45 46 47 48 121 122 123 124 125 126 127 128 129 130 131 132 133 134 135 136 137 138 139 140 141 142 143 144 217 218 219 220 221 222 223 224 225 226 227 228 229 230 231 232 233 234 235 236 237 238 239 240 313 314 315 316 317 318 319 320 321 322 323 324 325 326 327 328 329 330 331 332 333 334 335 336 409 410 411 412 413 414 415 416 417 418 419 420 421 422 423 424 425 426 427 428 429 430 431 432 505 506 507 508 509 510 511 512 513 514 515 516 517 518 519 520 521 522 523 524 525 526 527 528 601 602 603 604 605 606 607 608 609 610 611 612 613 614 615 616 617 618 619 620 621 622 623 624
;

set T3 :=
 49 50 51 52 53 54 55 56 57 58 59 60 61 62 63 64 65 66 67 68 69 70 71 72 145 146 147 148 149 150 151 152 153 154 155 156 157 158 159 160 161 162 163 164 165 166 167 168 241 242 243 244 245 246 247 248 249 250 251 252 253 254 255 256 257 258 259 260 261 262 263 264 337 338 339 340 341 342 343 344 345 346 347 348 349 350 351 352 353 354 355 356 357 358 359 360 433 434 435 436 437 438 439 440 441 442 443 444 445 446 447 448 449 450 451 452 453 454 455 456 529 530 531 532 533 534 535 536 537 538 539 540 541 542 543 544 545 546 547 548 549 550 551 552 625 626 627 628 629 630 631 632 633 634 635 636 637 638 639 640 641 642 643 644 645 646 647 648
;

set T4 :=
 73 74 75 76 77 78 79 80 81 82 83 84 85 86 87 88 89 90 91 92 93 94 95 96 169 170 171 172 173 174 175 176 177 178 179 180 181 182 183 184 185 186 187 188 189 190 191 192 265 266 267 268 269 270 271 272 273 274 275 276 277 278 279 280 281 282 283 284 285 286 287 288 361 362 363 364 365 366 367 368 369 370 371 372 373 374 375 376 377 378 379 380 381 382 383 384 457 458 459 460 461 462 463 464 465 466 467 468 469 470 471 472 473 474 475 476 477 478 479 480 553 554 555 556 557 558 559 560 561 562 563 564 565 566 567 568 569 570 571 572 573 574 575 576 649 650 651 652 653 654 655 656 657 658 659 660 661 662 663 664 665 666 667 668 669 670 671 672
;

param PRICEPOOL :=
1 0.51 2 0.51 3 0.5 4 0.5 5 0.47 6 0.47 7 0.47 8 0.47 9 0.48 10 0.48 11 0.44 12 0.44 13 0.42 14 0.42 15 0.43 16 0.43 17 0.41 18 0.41 19 0.4 20 0.4 21 0.42 22 0.42 23 0.42 24 0.42 25 0.85 26 0.85 27 0.87 28 0.87 29 0.88 30 0.88 31 0.9 32 0.9 33 0.89 34 0.89 35 0.92 36 0.92 37 0.93 38 0.93 39 0.92 40 0.92 41 0.9 42 0.9 43 0.9 44 0.91 45 0.92 46 0.92 47 0.89 48 0.89 49 1.28 50 1.28 51 1.31 52 1.31 53 1.3 54 1.3 55 1.3 56 1.31 57 1.31 58 1.3 59 1.29 60 1.3 61 1.31 62 1.31 63 1.29 64 1.29 65 1.28 66 1.28 67 1.3 68 1.3 69 1.29 70 1.29 71 1.31 72 1.32 73 1.7 74 1.7 75 1.68 76 1.69 77 1.68 78 1.68 79 1.69 80 1.69 81 1.71 82 1.71 83 1.7 84 1.7 85 1.72 86 1.72 87 1.73 88 1.73 89 1.71 90 1.71 91 1.7 92 1.7 93 1.68 94 1.68 95 1.67 96 1.67 97 0.51 98 0.51 99 0.48 100 0.48 101 0.46 102 0.46 103 0.46 104 0.46 105 0.46 106 0.46 107 0.43 108 0.43 109 0.42 110 0.42 111 0.42 112 0.42 113 0.42 114 0.42 115 0.41 116 0.41 117 0.41 118 0.41 119 0.43 120 0.43 121 0.84 122 0.84 123 0.85 124 0.85 125 0.87 126 0.87 127 0.9 128 0.9 129 0.89 130 0.88 131 0.9 132 0.9 133 0.9 134 0.9 135 0.91 136 0.91 137 0.91 138 0.91 139 0.91 140 0.9 141 0.93 142 0.93 143 0.92 144 0.91 145 1.31 146 1.3 147 1.3 148 1.29 149 1.29 150 1.3 151 1.3 152 1.3 153 1.31 154 1.31 155 1.31 156 1.3 157 1.29 158 1.3 159 1.29 160 1.29 161 1.28 162 1.28 163 1.29 164 1.3 165 1.32 166 1.32 167 1.34 168 1.34 169 1.72 170 1.72 171 1.68 172 1.69 173 1.68 174 1.68 175 1.69 176 1.69 177 1.72 178 1.72 179 1.72 180 1.72 181 1.73 182 1.73 183 1.74 184 1.74 185 1.71 186 1.71 187 1.7 188 1.7 189 1.69 190 1.69 191 1.68 192 1.68 193 0.52 194 0.52 195 0.49 196 0.49 197 0.46 198 0.46 199 0.46 200 0.46 201 0.47 202 0.47 203 0.43 204 0.43 205 0.42 206 0.42 207 0.42 208 0.42 209 0.43 210 0.43 211 0.41 212 0.41 213 0.4 214 0.4 215 0.43 216 0.43 217 0.85 218 0.85 219 0.85 220 0.85 221 0.88 222 0.88 223 0.9 224 0.9 225 0.89 226 0.89 227 0.92 228 0.92 229 0.92 230 0.92 231 0.92 232 0.92 233 0.92 234 0.91 235 0.92 236 0.92 237 0.93 238 0.93 239 0.91 240 0.91 241 1.3 242 1.3 243 1.32 244 1.32 245 1.31 246 1.3 247 1.3 248 1.3 249 1.3 250 1.3 251 1.3 252 1.3 253 1.3 254 1.3 255 1.29 256 1.29 257 1.28 258 1.28 259 1.3 260 1.3 261 1.3 262 1.3 263 1.33 264 1.33 265 1.7 266 1.7 267 1.68 268 1.68 269 1.68 270 1.68 271 1.69 272 1.69 273 1.69 274 1.69 275 1.71 276 1.71 277 1.72 278 1.72 279 1.73 280 1.73 281 1.72 282 1.72 283 1.69 284 1.69 285 1.68 286 1.68 287 1.68 288 1.68 289 0.5 290 0.5 291 0.5 292 0.5 293 0.47 294 0.47 295 0.46 296 0.46 297 0.47 298 0.47 299 0.44 300 0.44 301 0.43 302 0.43 303 0.43 304 0.43 305 0.43 306 0.43 307 0.41 308 0.41 309 0.41 310 0.41 311 0.43 312 0.43 313 0.84 314 0.84 315 0.85 316 0.85 317 0.87 318 0.87 319 0.9 320 0.9 321 0.9 322 0.89 323 0.91 324 0.91 325 0.91 326 0.9 327 0.92 328 0.92 329 0.9 330 0.9 331 0.91 332 0.92 333 0.91 334 0.91 335 0.9 336 0.9 337 1.32 338 1.33 339 1.32 340 1.32 341 1.3 342 1.3 343 1.31 344 1.32 345 1.29 346 1.29 347 1.31 348 1.31 349 1.31 350 1.31 351 1.3 352 1.3 353 1.28 354 1.28 355 1.3 356 1.3 357 1.31 358 1.31 359 1.34 360 1.34 361 1.68 362 1.68 363 1.67 364 1.67 365 1.68 366 1.68 367 1.69 368 1.69 369 1.68 370 1.68 371 1.72 372 1.72 373 1.72 374 1.72 375 1.74 376 1.74 377 1.71 378 1.71 379 1.69 380 1.69 381 1.69 382 1.69 383 1.67 384 1.67 385 0.5 386 0.5 387 0.49 388 0.49 389 0.46 390 0.46 391 0.46 392 0.46 393 0.46 394 0.46 395 0.43 396 0.43 397 0.42 398 0.42 399 0.42 400 0.42 401 0.42 402 0.42 403 0.41 404 0.41 405 0.41 406 0.41 407 0.43 408 0.43 409 0.83 410 0.83 411 0.85 412 0.85 413 0.88 414 0.88 415 0.9 416 0.9 417 0.91 418 0.9 419 0.93 420 0.92 421 0.93 422 0.93 423 0.93 424 0.93 425 0.93 426 0.93 427 0.92 428 0.92 429 0.93 430 0.93 431 0.94 432 0.92 433 1.32 434 1.31 435 1.29 436 1.28 437 1.31 438 1.31 439 1.3 440 1.31 441 1.3 442 1.3 443 1.31 444 1.3 445 1.3 446 1.3 447 1.29 448 1.29 449 1.29 450 1.28 451 1.28 452 1.29 453 1.3 454 1.3 455 1.32 456 1.32 457 1.7 458 1.7 459 1.7 460 1.7 461 1.69 462 1.69 463 1.7 464 1.7 465 1.7 466 1.7 467 1.7 468 1.7 469 1.72 470 1.72 471 1.73 472 1.73 473 1.7 474 1.7 475 1.69 476 1.69 477 1.67 478 1.67 479 1.67 480 1.67 481 0.51 482 0.51 483 0.5 484 0.5 485 0.47 486 0.47 487 0.46 488 0.46 489 0.48 490 0.48 491 0.44 492 0.44 493 0.42 494 0.42 495 0.42 496 0.42 497 0.43 498 0.43 499 0.41 500 0.41 501 0.41 502 0.41 503 0.44 504 0.44 505 0.84 506 0.84 507 0.86 508 0.86 509 0.88 510 0.88 511 0.89 512 0.89 513 0.88 514 0.87 515 0.9 516 0.9 517 0.91 518 0.91 519 0.92 520 0.92 521 0.91 522 0.9 523 0.94 524 0.94 525 0.93 526 0.93 527 0.94 528 0.93 529 1.3 530 1.31 531 1.31 532 1.31 533 1.28 534 1.28 535 1.31 536 1.32 537 1.29 538 1.29 539 1.32 540 1.32 541 1.31 542 1.31 543 1.31 544 1.31 545 1.29 546 1.29 547 1.3 548 1.3 549 1.3 550 1.3 551 1.33 552 1.33 553 1.68 554 1.69 555 1.68 556 1.68 557 1.67 558 1.67 559 1.7 560 1.7 561 1.72 562 1.72 563 1.73 564 1.73 565 1.74 566 1.74 567 1.74 568 1.74 569 1.72 570 1.72 571 1.7 572 1.7 573 1.7 574 1.7 575 1.68 576 1.68 577 0.51 578 0.51 579 0.49 580 0.49 581 0.47 582 0.47 583 0.46 584 0.46 585 0.47 586 0.47 587 0.44 588 0.44 589 0.43 590 0.43 591 0.43 592 0.43 593 0.42 594 0.42 595 0.41 596 0.41 597 0.4 598 0.4 599 0.42 600 0.42 601 0.84 602 0.84 603 0.85 604 0.85 605 0.87 606 0.87 607 0.88 608 0.88 609 0.89 610 0.89 611 0.91 612 0.91 613 0.92 614 0.92 615 0.94 616 0.94 617 0.92 618 0.92 619 0.92 620 0.92 621 0.93 622 0.92 623 0.92 624 0.91 625 1.33 626 1.33 627 1.29 628 1.28 629 1.29 630 1.3 631 1.31 632 1.32 633 1.3 634 1.3 635 1.31 636 1.3 637 1.3 638 1.3 639 1.28 640 1.28 641 1.28 642 1.27 643 1.29 644 1.31 645 1.31 646 1.31 647 1.34 648 1.34 649 1.7 650 1.7 651 1.67 652 1.67 653 1.68 654 1.68 655 1.7 656 1.7 657 1.71 658 1.71 659 1.73 660 1.73 661 1.74 662 1.74 663 1.73 664 1.73 665 1.71 666 1.71 667 1.69 668 1.69 669 1.69 670 1.69 671 1.67 672 1.67 ;

param DEMAND :=
1 0.467 2 0.467 3 0.198 4 0.198 5 0.188 6 0.188 7 0.1865 8 0.1865 9 0.187 10 0.187 11 0.1875 12 0.1875 13 0.203 14 0.203 15 0.183 16 0.183 17 0.1895 18 0.1895 19 0.1845 20 0.1845 21 0.1745 22 0.1745 23 0.1685 24 0.1685 25 0.162 26 0.162 27 0.1545 28 0.1545 29 0.20947917923511958 30 0.2074375377053587 31 0.1802215600295452 32 0.1778646650282771 33 0.2007963940388271 34 0.19299011760150608 35 0.182404646868707 36 0.1524105308653081 37 0.18129654464241196 38 0.1668399211632962 39 0.16991792351195562 40 0.16780122163183586 41 0.29891988484415605 42 0.28449328550518393 43 0.25797646314219624 44 0.1540779261754676 45 0.08566294422611273 46 0.08563292008596926 47 0.13371077183104374 48 0.12408803491503842 49 0.19662394334690514 50 0.1030386985658289 51 0.14330650187433414 52 0.11037002014763686 53 0.1320272322176453 54 0.06633441353828579 55 0.17295798054886952 56 0.20194628780566648 57 0.07234852033529166 58 0.12292418438440122 59 0.16636504142878966 60 0.2534200358107446 61 0.1763964236249834 62 0.1258207595531861 63 0.30026501180022397 64 0.13715887044485572 65 0.15519485432363597 66 0.22906925117089816 67 0.294012144847105 68 0.318256637968378 69 0.4384736719538168 70 0.4506784849221668 71 0.41847751906936126 72 0.3642989579460203 73 0.3020979833090818 74 0.296438432892024 75 0.40705744543116923 76 0.4110056198600451 77 0.39774406037204674 78 0.40008594330324304 79 0.3156989138728502 80 0.3231749247685923 81 0.3085682768634352 82 0.3085682768634352 83 0.3170065200255415 84 0.3170065200255415 85 0.3317213318168105 86 0.3317213318168105 87 0.4004184868671082 88 0.4004184868671082 89 0.3462417603610054 90 0.3462417603610054 91 0.32092836259778323 92 0.32092836259778323 93 0.47106949083379723 94 0.47106949083379723 95 0.4999910202112892 96 0.4999910202112892 97 0.17 98 0.17 99 0.1655 100 0.1655 101 0.1845 102 0.1845 103 0.177 104 0.177 105 0.1705 106 0.1705 107 0.17800000000000002 108 0.17800000000000002 109 0.17 110 0.17 111 0.1825 112 0.1825 113 0.1725 114 0.1725 115 0.1655 116 0.1655 117 0.155 118 0.155 119 0.1405 120 0.1405 121 0.1555 122 0.1555 123 0.14150000000000001 124 0.141304843089067 125 0.17061888955339705 126 0.16443391668382729 127 0.1659741248653341 128 0.1528835997627496 129 0.16012379288389794 130 0.1512366474014094 131 0.13626425752719865 132 0.14554171683155326 133 0.1397315930316239 134 0.07746152637391687 135 -0.020577927918266403 136 0.09729684628528126 137 0.13062160477492096 138 0.13758720528822277 139 0.02614785641854883 140 0.20091837619410946 141 0.23672442629035356 142 0.11635764845489188 143 0.08285040597612947 144 0.08127413861859345 145 0.345044808616244 146 0.3528210610391928 147 0.07865389081689667 148 0.14120918687250938 149 0.1342340055170661 150 0.2308817125300361 151 -0.12415359250080679 152 0.11447827336006863 153 -0.22320096743029774 154 0.0806433308223519 155 0.12436632421464959 156 -0.03767396011787519 157 -0.06019945787785014 158 -0.049300695005744216 159 0.04746046994959768 160 0.02073898521165088 161 0.024760183370932054 162 -0.005504149893758747 163 0.08102496930765507 164 0.13701999066208084 165 0.10454330072500777 166 0.11918006904498471 167 0.14030642674092983 168 0.16507634235935237 169 0.18888584867865568 170 0.15429803923329477 171 0.20435546451402317 172 0.2526492939349112 173 0.3731852541337539 174 0.38043608397841944 175 0.3427979642302737 176 0.35883085506692536 177 0.42635378005584873 178 0.42635378005584873 179 0.33920164387664337 180 0.33920164387664337 181 0.347313332179349 182 0.347313332179349 183 0.35903476689897884 184 0.35903476689897884 185 0.3562315061868074 186 0.3562315061868074 187 0.38459555173528437 188 0.38459555173528437 189 0.32546522788967863 190 0.32546522788967863 191 0.22883247085857528 192 0.22883247085857528 193 0.2065 194 0.2065 195 0.2155 196 0.2155 197 0.1935 198 0.1935 199 0.215 200 0.215 201 0.19699999999999998 202 0.19699999999999998 203 0.2475 204 0.2475 205 0.2275 206 0.2275 207 0.21050000000000002 208 0.21050000000000002 209 0.2095 210 0.2095 211 0.20149999999999998 212 0.20149999999999998 213 0.19899999999999998 214 0.19899999999999998 215 0.18 216 0.18 217 0.1975 218 0.1975 219 0.1775 220 0.1775 221 0.19345496378978466 222 0.1923440706044736 223 0.2100852443917221 224 0.20226395588432933 225 0.15642644829968758 226 0.15055672890162503 227 0.1524049485115762 228 0.14497397382604946 229 0.13108245299700624 230 0.11788684340391935 231 0.14641686754406275 232 0.11597238943851072 233 0.16862039776774357 234 0.15748144177448936 235 0.11531102829283738 236 0.1021154186997506 237 0.16664152017549336 238 0.15839989370609095 239 0.09454692136922366 240 0.0952825128027405 241 0.06321673013626042 242 0.07944477821127552 243 0.0687065466426296 244 0.0453027296460316 245 0.039755732022191875 246 0.048102442843611176 247 0.1268637589439501 248 0.07471182737478158 249 0.09316120878954498 250 0.08427406330705639 251 0.16611775668060225 252 0.1188297363574545 253 0.17950067764173513 254 0.16822661301783493 255 0.24335847862926818 256 0.25861074166291587 257 0.2921434064068652 258 0.29561119459344437 259 0.18798528922479413 260 0.1726129293001437 261 0.12443474588432085 262 0.13248121544279023 263 0.15667222276867984 264 0.16653515280583353 265 0.1812348339074594 266 0.1839970548006653 267 0.20993681457594202 268 0.2123987940677125 269 0.23154231069649928 270 0.2315723348366428 271 0.1973689557132447 272 0.19947064552329266 273 0.2016980111682663 274 0.2016980111682663 275 0.3001904315847124 276 0.3001904315847124 277 0.3312956901206283 278 0.3312956901206283 279 0.36657822711640753 280 0.36657822711640753 281 0.3413102483634138 282 0.3413102483634138 283 0.33384498400264767 284 0.33384498400264767 285 0.46612713299848607 286 0.46612713299848607 287 0.505459710277527 288 0.505459710277527 289 0.209 290 0.209 291 0.2145 292 0.2145 293 0.21 294 0.21 295 0.201 296 0.201 297 0.2195 298 0.2195 299 0.196 300 0.196 301 0.222 302 0.222 303 0.2065 304 0.2065 305 0.21 306 0.21 307 0.2375 308 0.2375 309 0.174 310 0.174 311 0.201 312 0.201 313 0.193 314 0.193 315 0.207 316 0.207 317 0.221644312005909 318 0.2199329360177271 319 0.1721557030544494 320 0.16457460766820495 321 0.1714542847665538 322 0.1597298580405005 323 0.1398310951683945 324 0.12474396474626445 325 0.11809195801513872 326 0.1022392120193483 327 0.08179179191549568 328 0.06877632716327003 329 0.028864739894369718 330 0.01463329746633063 331 0.043063593128626565 332 0.03426652006656858 333 -0.010502942869700022 334 0.0329419879180059 335 -0.0188154806839837 336 -0.0251956104644864 337 0.08176833005895763 338 -0.03068708660596156 339 -0.07556336869775673 340 -0.07347669090258938 341 -0.02378734307019853 342 -0.021265315298140963 343 -0.04385199284104016 344 0.014334790610151749 345 -0.011451343939345077 346 0.12451297470068691 347 0.06192094029899625 348 0.03348807975220455 349 -0.01986421347872991 350 -0.044544056676721816 351 0.024062687529947446 352 0.030532889730880863 353 0.0024302192887631358 354 0.01699192732442964 355 0.032260183249841895 356 0.11745368083928572 357 0.09199932019552254 358 0.11145496300853805 359 0.07133652591244845 360 0.0887955634059184 361 0.16752734803233577 362 0.17847114711465698 363 0.3083160959691093 364 0.32565503690200504 365 0.2861646901399217 366 0.2879361144083907 367 0.34124101714246896 368 0.3427872603598614 369 0.4262485063605233 370 0.4262485063605233 371 0.34974236419324994 372 0.34974236419324994 373 0.23677190479622398 374 0.23677190479622398 375 0.20474368064052137 376 0.20474368064052137 377 0.2329959784185145 378 0.2329959784185145 379 0.3064190141009705 380 0.3064190141009705 381 0.566772814505194 382 0.566772814505194 383 0.3459457636469698 384 0.3459457636469698 385 0.467 386 0.467 387 0.198 388 0.198 389 0.188 390 0.188 391 0.1865 392 0.1865 393 0.187 394 0.187 395 0.1875 396 0.1875 397 0.203 398 0.203 399 0.183 400 0.183 401 0.1895 402 0.1895 403 0.1845 404 0.1845 405 0.1745 406 0.1745 407 0.1685 408 0.1685 409 0.162 410 0.162 411 0.1545 412 0.1545 413 0.21043995171971291 414 0.20704722388349261 415 0.17294070604473613 416 0.16333298119880255 417 0.18245164441112263 418 0.17419500587164846 419 0.1620032436411696 420 0.1493330565005947 421 0.16281668638406138 422 0.11869621244312578 423 0.11035002946716721 424 0.09793504751781246 425 0.23553892500113763 426 0.20480921756422196 427 0.10359233452410072 428 0.16601252188252555 429 0.0833510854350599 430 0.03291052999390856 431 0.016346408009936197 432 0.006798731444289774 433 -0.002841433105752522 434 0.005865568046750258 435 0.029620094716321432 436 0.02278960312946038 437 -0.020405327655126093 438 -0.02681548157577246 439 0.004597614449627474 440 0.0673931033878869 441 0.10626078616505796 442 0.23146145056363002 443 0.21338284380656963 444 0.2240714380917888 445 0.1092174094221793 446 0.177086978216657 447 0.22332815216121216 448 0.23054895786573415 449 0.21133999622262623 450 0.2077521115554079 451 0.305946739974299 452 0.3083486708559534 453 0.36258765683433214 454 0.35803899960258545 455 0.33374939370095325 456 0.34071499305366865 457 0.2596767447604302 458 0.26419537785203334 459 0.3711510175445437 460 0.39207784322459277 461 0.39273002896807513 462 0.409798752639679 463 0.3154655737302566 464 0.3236321398493001 465 0.3085682768634352 466 0.3085682768634352 467 0.3170065200255415 468 0.3170065200255415 469 0.33336295382397224 470 0.33336295382397224 471 0.4010800120759972 472 0.4010800120759972 473 0.34676724361341027 474 0.34676724361341027 475 0.32092836259778323 476 0.32092836259778323 477 0.4716051228093658 478 0.4716051228093658 479 0.5008711499937567 480 0.5008711499937567 481 0.5329999999999999 482 0.5329999999999999 483 0.215 484 0.215 485 0.1855 486 0.1855 487 0.264 488 0.264 489 0.22899999999999998 490 0.22899999999999998 491 0.182 492 0.182 493 0.2675 494 0.2675 495 0.2195 496 0.2195 497 0.2345 498 0.2345 499 0.237 500 0.237 501 0.191 502 0.191 503 0.20850000000000002 504 0.20850000000000002 505 0.223 506 0.223 507 0.226 508 0.22580484308906698 509 0.321118889553397 510 0.31493391668382725 511 0.33547412486533407 512 0.32238359976274955 513 0.2786237928838979 514 0.26973664740140935 515 0.2417642575271986 516 0.25104171683155324 517 0.3082315930316237 518 0.2459615263739166 519 0.05842207208173342 520 0.17629684628528114 521 0.11812160477492081 522 0.12508720528822265 523 -0.007352143581451254 524 0.16741837619410932 525 0.1512244262903535 526 0.030857648454891806 527 0.010850405976129462 528 0.009274138618593386 529 0.033544808735374604 530 0.04132106090351492 531 -0.1533461097193141 532 -0.09079081373024336 533 -0.008265995482090671 534 0.08838171204250161 535 0.16634640563708597 536 0.4049782714979614 537 -0.1972009680847671 538 0.10664333041060162 539 0.18036632361738347 540 0.01832603926268478 541 0.07430054055532898 542 0.0851993034274349 543 0.18096046938977298 544 0.15423898437649058 545 0.1922601825388342 546 0.1619958492741434 547 0.14252496871288783 548 0.1985199900805945 549 0.23654330000281965 550 0.2511800683227966 551 0.286806425798068 552 0.3115763414164905 553 0.32179663376482304 554 0.28720882431946215 555 0.32283794705041496 556 0.371131776471303 557 0.24265133018695934 558 0.24990216003162483 559 0.27637595358760686 560 0.2924088444242585 561 0.3398023570924888 562 0.3398023570924888 563 0.31107192058668587 564 0.31107192058668587 565 0.29426562043501414 566 0.29426562043501414 567 0.40762784756686826 568 0.40762784756686826 569 0.38884088967580716 570 0.38884088967580716 571 0.35668905315885835 572 0.35668905315885835 573 0.6571096065379578 574 0.6571096065379578 575 0.6933869700762751 576 0.6933869700762751 577 0.774 578 0.774 579 0.23600000000000002 580 0.23600000000000002 581 0.18350000000000002 582 0.18350000000000002 583 0.191 584 0.191 585 0.212 586 0.212 587 0.1895 588 0.1895 589 0.2045 590 0.2045 591 0.21050000000000002 592 0.21050000000000002 593 0.243 594 0.243 595 0.1885 596 0.1885 597 0.19949999999999998 598 0.19949999999999998 599 0.16899999999999998 600 0.16899999999999998 601 0.22149999999999997 602 0.22149999999999997 603 0.23800000000000002 604 0.23800000000000002 605 0.2528949155094976 606 0.253 607 0.2739999999999999 608 0.2739999999999999 609 0.27593874471253577 610 0.27218572719459294 611 0.3512099426399278 612 0.34867290279779845 613 0.25338503311100363 614 0.2447380807496634 615 0.2609039678454761 616 0.25483909153648054 617 0.24843663234105087 618 0.2364269762836339 619 0.21549841561246136 620 0.18251689766477996 621 0.22562032246595137 622 0.226430974249827 623 0.05658350852919927 624 0.13192908821941907 625 0.45746424192948737 626 0.3515390755030696 627 0.15310485758597275 628 0.20372555791010297 629 0.18152330941868572 630 0.1826041784638532 631 0.08880521941848174 632 0.12684580498035003 633 0.4193268695364417 634 0.551598218938818 635 0.22909836922517496 636 0.39956042500051797 637 0.3104115865421721 638 0.2363120086679093 639 0.24047585976701982 640 0.07648400625900323 641 0.18071786318521696 642 0.19550475220591162 643 0.19916935695795204 644 0.18807543711584127 645 0.20466369864433503 646 0.2294486263328293 647 0.4016101372311306 648 0.413920034689983 649 0.41255397370504 650 0.436438177189228 651 0.45202234723414364 652 0.4606692995954839 653 0.5306202892725211 654 0.5313859048461814 655 0.33769420221059915 656 0.3392554574980634 657 0.2913294581240538 658 0.2913294581240538 659 0.3284095666943441 660 0.3284095666943441 661 0.4157238199542744 662 0.4157238199542744 663 0.3833921638332162 664 0.3833921638332162 665 0.7128980932430073 666 0.7128980932430073 667 0.3487008585791888 668 0.3487008585791888 669 0.30058399924945645 670 0.30058399924945645 671 0.4719364094499351 672 0.4719364094499351 ;

param PRICEDAYAHEADT1 := 60.48000000000001
;
param PRICEDAYAHEADT2 := 120.96000000000002
;
param PRICEDAYAHEADT3 := 181.44000000000005
;
param PRICEDAYAHEADT4 := 241.92000000000004
;
